"ID"	"Lon"	"Lat"	"Temp"	"maxWM"	"Prec"	"Season"
"FKH09"	10.69722222	64.51055556	53	169	1318	25
"FKH10"	10.69722222	64.51055556	53	169	1318	25
"FKH15"	10.86333333	64.60472222	49	167	1360	24
"FKH16"	10.86333333	64.60472222	49	167	1360	24
"FKH17"	10.86333333	64.60472222	49	167	1360	24
"FKH20"	10.86333333	64.60472222	49	167	1360	24
"FKH21"	10.86333333	64.60472222	49	167	1360	24
"FKH22"	10.86333333	64.60472222	49	167	1360	24
"FKH23"	10.86333333	64.60472222	49	167	1360	24
"FKH24"	10.86333333	64.60472222	49	167	1360	24
"FKH28"	10.86333333	64.60472222	49	167	1360	24
"FKH48a"	10.66527778	64.48805556	48	163	1262	24
"FKH50a"	10.84944444	64.60722222	49	167	1360	24
"FKH51a"	10.84944444	64.60722222	49	167	1360	24
"FKH61"	10.66166667	64.49555556	48	163	1262	24
"FKH62"	10.66166667	64.49555556	48	163	1262	24
"FKH64"	10.66166667	64.49555556	48	163	1262	24
"FKH65"	10.66166667	64.49555556	48	163	1262	24
"FKH66"	10.66166667	64.49555556	48	163	1262	24
"FKH75"	10.65844444	64.48683333	48	163	1262	24
"FKH76"	10.65844444	64.48683333	48	163	1262	24
"FKH77"	10.65844444	64.48683333	48	163	1262	24
"FKH78"	10.65844444	64.48683333	48	163	1262	24
"FKH79"	10.65844444	64.48683333	48	163	1262	24
"FKH80"	10.59444444	64.45666667	48	163	1262	24
"SMAU01"	5.269618	60.096642	75	171	1903	32
"SMAU02"	5.269618	60.096642	75	171	1903	32
"SMAU03"	5.269618	60.096642	75	171	1903	32
"SMAU04"	5.269618	60.096642	75	171	1903	32
"SMAU05"	5.269618	60.096642	75	171	1903	32
"SMAU06"	5.269618	60.096642	75	171	1903	32
"SMAU07"	5.269618	60.096642	75	171	1903	32
"SMAU08"	5.269618	60.096642	75	171	1903	32
"SMAU09"	5.269618	60.096642	75	171	1903	32
"SMAU10"	5.269618	60.096642	75	171	1903	32
"SMAU11"	5.269618	60.096642	75	171	1903	32
"SMAU12"	5.269618	60.096642	75	171	1903	32
"SMAU13"	5.269618	60.096642	75	171	1903	32
"SMAU14"	5.269618	60.096642	75	171	1903	32
"SMAU15"	5.269618	60.096642	75	171	1903	32
"SMAU16"	5.269618	60.096642	75	171	1903	32
"SMAU17a"	5.269618	60.096642	75	171	1903	32
"SMAU18a"	5.269618	60.096642	75	171	1903	32
"SMAU19a"	5.269618	60.096642	75	171	1903	32
"SMAU20a"	5.269618	60.096642	75	171	1903	32
"SMAU21"	5.269618	60.096642	75	171	1903	32
"SMAU22"	5.269618	60.096642	75	171	1903	32
"SMAU23"	5.269618	60.096642	75	171	1903	32
"SMAU24"	5.269618	60.096642	75	171	1903	32
"SMAU25"	5.269618	60.096642	75	171	1903	32
"SMAU26"	5.269618	60.096642	75	171	1903	32
"SMAU27"	5.269618	60.096642	75	171	1903	32
"SMAU28"	5.269618	60.096642	75	171	1903	32
"SMAU29"	5.269618	60.096642	75	171	1903	32
"SMAU30"	5.269618	60.096642	75	171	1903	32
"SMAU31"	5.269618	60.096642	75	171	1903	32
"SMAU32"	5.269618	60.096642	75	171	1903	32
"SMAU33"	5.269618	60.096642	75	171	1903	32
"SMAU34"	5.269618	60.096642	75	171	1903	32
"SMAU35"	5.269618	60.096642	75	171	1903	32
"SMAU36"	5.269618	60.096642	75	171	1903	32
"SMAU37a"	5.269618	60.096642	75	171	1903	32
"SMAU38a"	5.269618	60.096642	75	171	1903	32
"SMAU39a"	5.269618	60.096642	75	171	1903	32
"SMAU40a"	5.269618	60.096642	75	171	1903	32
"SMID01"	5.942488	58.963804	66	163	1635	32
"SMID02"	5.942488	58.963804	66	163	1635	32
"SMID03"	5.942488	58.963804	66	163	1635	32
"SMID04"	5.942488	58.963804	66	163	1635	32
"SMID05"	5.942488	58.963804	66	163	1635	32
"SMID06"	5.942488	58.963804	66	163	1635	32
"SMID07"	5.942488	58.963804	66	163	1635	32
"SMID08"	5.942488	58.963804	66	163	1635	32
"SMID09"	5.942488	58.963804	66	163	1635	32
"SMID10"	5.942488	58.963804	66	163	1635	32
"SMID11"	5.942488	58.963804	66	163	1635	32
"SMID12"	5.942488	58.963804	66	163	1635	32
"SMID13"	5.942488	58.963804	66	163	1635	32
"SMID14"	5.942488	58.963804	66	163	1635	32
"SMID15"	5.942488	58.963804	66	163	1635	32
"SMID16"	5.942488	58.963804	66	163	1635	32
"SMID17a"	5.942488	58.963804	66	163	1635	32
"SMID18a"	5.942488	58.963804	66	163	1635	32
"SMID19a"	5.942488	58.963804	66	163	1635	32
"SMID20a"	5.942488	58.963804	66	163	1635	32
"SMID21"	5.942488	58.963804	66	163	1635	32
"SMID22"	5.942488	58.963804	66	163	1635	32
"SMID23"	5.942488	58.963804	66	163	1635	32
"SMID24"	5.942488	58.963804	66	163	1635	32
"SMID25"	5.942488	58.963804	66	163	1635	32
"SMID26"	5.942488	58.963804	66	163	1635	32
"SMID27"	5.942488	58.963804	66	163	1635	32
"SMID28"	5.942488	58.963804	66	163	1635	32
"SMID29"	5.942488	58.963804	66	163	1635	32
"SMID30"	5.942488	58.963804	66	163	1635	32
"SMID31"	5.942488	58.963804	66	163	1635	32
"SMID32"	5.942488	58.963804	66	163	1635	32
"SMID33"	5.942488	58.963804	66	163	1635	32
"SMID34"	5.942488	58.963804	66	163	1635	32
"SMID35"	5.942488	58.963804	66	163	1635	32
"SMID36"	5.942488	58.963804	66	163	1635	32
"SMID37a"	5.942488	58.963804	66	163	1635	32
"SMID38a"	5.942488	58.963804	66	163	1635	32
"SMID39a"	5.942488	58.963804	66	163	1635	32
"SMID40a"	5.942488	58.963804	66	163	1635	32
"SMKB01"	11.907473	57.403142	76	202	742	26
"SMKB02"	11.907473	57.403142	76	202	742	26
"SMKB03"	11.907473	57.403142	76	202	742	26
"SMKB04"	11.907473	57.403142	76	202	742	26
"SMKB05"	11.907473	57.403142	76	202	742	26
"SMKB06"	11.907473	57.403142	76	202	742	26
"SMKB07"	11.907473	57.403142	76	202	742	26
"SMKB08"	11.907473	57.403142	76	202	742	26
"SMKB09"	11.907473	57.403142	76	202	742	26
"SMKB10"	11.907473	57.403142	76	202	742	26
"SMKB11"	11.907473	57.403142	76	202	742	26
"SMKB12"	11.907473	57.403142	76	202	742	26
"SMKB13"	11.907473	57.403142	76	202	742	26
"SMKB14"	11.907473	57.403142	76	202	742	26
"SMKB15"	11.907473	57.403142	76	202	742	26
"SMKB16"	11.907473	57.403142	76	202	742	26
"SMKB17a"	11.907473	57.403142	76	202	742	26
"SMKB18a"	11.907473	57.403142	76	202	742	26
"SMKB19a"	11.907473	57.403142	76	202	742	26
"SMKB20a"	11.907473	57.403142	76	202	742	26
"SMKB21"	11.907473	57.403142	76	202	742	26
"SMKB22"	11.907473	57.403142	76	202	742	26
"SMKB23"	11.907473	57.403142	76	202	742	26
"SMKB24"	11.907473	57.403142	76	202	742	26
"SMKB25"	11.907473	57.403142	76	202	742	26
"SMKB26"	11.907473	57.403142	76	202	742	26
"SMKB27"	11.907473	57.403142	76	202	742	26
"SMKB28"	11.907473	57.403142	76	202	742	26
"SMKB29"	11.907473	57.403142	76	202	742	26
"SMKB30"	11.907473	57.403142	76	202	742	26
"SMKB31"	11.907473	57.403142	76	202	742	26
"SMKB32"	11.907473	57.403142	76	202	742	26
"SMKB33"	11.907473	57.403142	76	202	742	26
"SMKB34"	11.907473	57.403142	76	202	742	26
"SMKB35"	11.907473	57.403142	76	202	742	26
"SMKB36"	11.907473	57.403142	76	202	742	26
"SMKB37a"	11.907473	57.403142	76	202	742	26
"SMKB38a"	11.907473	57.403142	76	202	742	26
"SMKB39a"	11.907473	57.403142	76	202	742	26
"SMKB40a"	11.907473	57.403142	76	202	742	26
"SMST01"	11	58.947222	72	198	751	27
"SMST02"	11	58.947222	72	198	751	27
"SMST03"	11	58.947222	72	198	751	27
"SMST04"	11	58.947222	72	198	751	27
"SMST05"	11	58.947222	72	198	751	27
"SMST06"	11	58.947222	72	198	751	27
"SMST07"	11	58.947222	72	198	751	27
"SMST08"	11	58.947222	72	198	751	27
"SMST09"	11	58.947222	72	198	751	27
"SMST10"	11	58.947222	72	198	751	27
"SMST11"	11	58.947222	72	198	751	27
"SMST12"	11	58.947222	72	198	751	27
"SMST13"	11	58.947222	72	198	751	27
"SMST14"	11	58.947222	72	198	751	27
"SMST15"	11	58.947222	72	198	751	27
"SMST16"	11	58.947222	72	198	751	27
"SMST17a"	11	58.947222	72	198	751	27
"SMST18a"	11	58.947222	72	198	751	27
"SMST19a"	11	58.947222	72	198	751	27
"SMST20a"	11	58.947222	72	198	751	27
"SMST21"	11	58.947222	72	198	751	27
"SMST22"	11	58.947222	72	198	751	27
"SMST23"	11	58.947222	72	198	751	27
"SMST24"	11	58.947222	72	198	751	27
"SMST25"	11	58.947222	72	198	751	27
"SMST26"	11	58.947222	72	198	751	27
"SMST27"	11	58.947222	72	198	751	27
"SMST28"	11	58.947222	72	198	751	27
"SMST29"	11	58.947222	72	198	751	27
"SMST30"	11	58.947222	72	198	751	27
"SMST31"	11	58.947222	72	198	751	27
"SMST32"	11	58.947222	72	198	751	27
"SMST33"	11	58.947222	72	198	751	27
"SMST34"	11	58.947222	72	198	751	27
"SMST35"	11	58.947222	72	198	751	27
"SMST36"	11	58.947222	72	198	751	27
"SMST37a"	11	58.947222	72	198	751	27
"SMST38a"	11	58.947222	72	198	751	27
"SMST39a"	11	58.947222	72	198	751	27
"SMST40a"	11	58.947222	72	198	751	27
"SMTF01"	8.048447	58.187534	67	177	1329	30
"SMTF02"	8.048447	58.187534	67	177	1329	30
"SMTF03"	8.048447	58.187534	67	177	1329	30
"SMTF04"	8.048447	58.187534	67	177	1329	30
"SMTF05"	8.048447	58.187534	67	177	1329	30
"SMTF06"	8.048447	58.187534	67	177	1329	30
"SMTF07"	8.048447	58.187534	67	177	1329	30
"SMTF08"	8.048447	58.187534	67	177	1329	30
"SMTF09"	8.048447	58.187534	67	177	1329	30
"SMTF10"	8.048447	58.187534	67	177	1329	30
"SMTF11"	8.048447	58.187534	67	177	1329	30
"SMTF12"	8.048447	58.187534	67	177	1329	30
"SMTF13"	8.048447	58.187534	67	177	1329	30
"SMTF14"	8.048447	58.187534	67	177	1329	30
"SMTF15"	8.048447	58.187534	67	177	1329	30
"SMTF16"	8.048447	58.187534	67	177	1329	30
"SMTF17a"	8.048447	58.187534	67	177	1329	30
"SMTF18a"	8.048447	58.187534	67	177	1329	30
"SMTF19a"	8.048447	58.187534	67	177	1329	30
"SMTF20a"	8.048447	58.187534	67	177	1329	30
"SMTF21"	8.048447	58.187534	67	177	1329	30
"SMTF22"	8.048447	58.187534	67	177	1329	30
"SMTF23"	8.048447	58.187534	67	177	1329	30
"SMTF24"	8.048447	58.187534	67	177	1329	30
"SMTF25"	8.048447	58.187534	67	177	1329	30
"SMTF26"	8.048447	58.187534	67	177	1329	30
"SMTF27"	8.048447	58.187534	67	177	1329	30
"SMTF28"	8.048447	58.187534	67	177	1329	30
"SMTF29"	8.048447	58.187534	67	177	1329	30
"SMTF30"	8.048447	58.187534	67	177	1329	30
"SMTF31"	8.048447	58.187534	67	177	1329	30
"SMTF32"	8.048447	58.187534	67	177	1329	30
"SMTF33"	8.048447	58.187534	67	177	1329	30
"SMTF34"	8.048447	58.187534	67	177	1329	30
"SMTF35"	8.048447	58.187534	67	177	1329	30
"SMTF36"	8.048447	58.187534	67	177	1329	30
"SMTF37a"	8.048447	58.187534	67	177	1329	30
"SMTF38a"	8.048447	58.187534	67	177	1329	30
"SMTF39a"	8.048447	58.187534	67	177	1329	30
"SMTF40a"	8.048447	58.187534	67	177	1329	30
